	GSM4432378	GSM4432379	GSM4432380	GSM4432381	GSM4432382	GSM4432383	GSM4432384	GSM4432385	GSM4432386	GSM4432387	GSM4432388	GSM4432389
ENSG00000000003	177.765187157814	219.751761079046	321.319287966462	179.786045764722	132.857115582368	466.875514464407	1335.11710341807	660.458454082557	419.114874068055	2039.47206480399	1206.00584189103	948.825237217971
ENSG00000000005	0	0	0	0	0	0	0	0	0	0	0	0
ENSG00000000419	707.710725258589	605.781134311024	1187.46634583511	573.43087548308	591.067319980204	1453.42719752563	988.989443324973	620.477388383927	418.891971024743	1610.69837905256	1122.05889613546	876.941509850263
ENSG00000000457	157.550489508823	118.924735688944	191.136335956715	116.625279256428	151.848932420514	348.728759211092	254.383186181278	148.781226945279	117.529093333732	380.500435360479	290.587277036206	176.511025513793
ENSG00000000460	68.6946811555121	62.1921547120364	106.152300537022	63.9965124291552	61.1120062324146	155.101097921861	506.603892434681	320.842432020953	206.649984241278	804.260748768125	455.688762956393	394.655991166499
ENSG00000000938	2.54140938994892	0.642547349718781	1.5494876394344	1.29985246347968	1.58204638155021	3.83348651147061	0	0	0	0	3.55123362198195	0
ENSG00000000971	1054.36303228362	1044.24601828253	1791.79853466827	899.105958506595	932.063978249092	2511.88518569639	659.463104683031	383.977259940957	156.76923291754	1465.45792985676	820.623957504745	580.574578028473
ENSG00000001036	504.839596676733	528.269181501762	792.618753754087	413.570477430041	518.201112200832	1327.5807805371	2055.58914338935	1213.53467998388	1006.05903208737	2560.29045089864	2090.85805830643	1742.15636187666
ENSG00000001084	2121.14951822014	2053.80755317783	3458.98902288966	1388.74705228935	1594.7799306182	4137.52452058315	3381.90524846606	1675.00070135389	1538.57793641873	4015.63180098859	3404.83877730498	2553.26194769654
