	SRR8239989	SRR8239990	SRR8239991	SRR8239992	SRR8239993	SRR8239994	SRR8239995	SRR8239996	SRR8239997
ENSG00000000003	1900.83932555122	1966.86121380734	2452.63758470466	311.918592936498	390.327064037636	497.371286369542	2044.78028382883	2035.03794817554	3448.55491454659
ENSG00000000005	0	0	0	0	0	0	0	0	0
ENSG00000000419	1593.27714561019	1903.66701909557	2394.7837074119	320.36416547305	302.272515241172	464.338279207847	1889.04897566251	2250.7634550915	3091.64362785885
ENSG00000000457	347.436509437847	340.842872866695	487.436469240202	351.046215541843	373.670026540003	558.390305847876	409.228032554443	495.228100456707	703.482524484645
ENSG00000000460	545.656170994235	626.036098344309	896.720088320723	343.065978424657	406.242099085021	489.385324992445	488.258180561162	596.835857132519	913.446427002467
ENSG00000000938	0	0	0	0	0	0	0	0	0
ENSG00000000971	32.8043419157576	30.0398687687757	19.8871966076356	4.94632552853535	3.55747734781173	10.2443634771211	43.4169678567683	34.9750346476033	34.8897496162236
ENSG00000001036	1150.50454387638	1245.59290532434	1463.21757221123	696.010317283582	682.345059989275	1280.53642968314	1408.04351717134	1539.9890935414	2491.30441052285
ENSG00000001084	999.189405832918	988.920255962389	1299.43408475603	358.299897161306	456.104899783504	658.28101887705	1630.98392703091	1718.10203454942	3003.81931720686
